4857
5012
5062
8737
5258
-1
-1
8406
6056
-1
9288
8794
-1
8248
4806
8499
8822
9599
736
1067
3112
-1
8735
-1
3854
5726
-1
-1
-1
4025
-1
-1
-1
-1
9475
9777
-1
-1
-1
-1
2982
1845
-1
-1
-1
4991
8296
7608
1564
9068
-1
1949
3510
4849
-1
-1
2812
9555
8139
-1
-1
1492
-1
583
-1
-1
-1
4045
-1
-1
4774
-1
-1
-1
-1
1879
1139
-1
8384
-1
708
-1
5452
6761
772
-1
-1
-1
-1
8347
-1
3578
-1
-1
-1
-1
-1
7755
-1
9546
925
1882
-1
-1
-1
-1
-1
-1
9375
1132
-1
3627
8666
2058
-1
-1
2185
-1
-1
-1
6352
3747
-1
-1
-1
10
-1
9765
9736
-1
-1
-1
6960
6125
5794
-1
559
-1
9766
1326
-1
-1
-1
7709
1319
2779
-1
-1
-1
-1
-1
2867
3769
9653
-1
9988
2783
-1
3632
-1
8044
-1
206
-1
-1
-1
-1
1255
2565
2389
1382
-1
4287
4416
8558
-1
-1
-1
6983
5991
1511
-1
-1
-1
-1
1991
8888
-1
8437
-1
8480
-1
-1
-1
3481
8487
9006
-1
-1
9538
7000
6780
-1
-1
6736
3429
2041
259
-1
-1
1576
9850
-1
-1
-1
-1
-1
-1
-1
-1
6650
8360
9814
4584
1085
6153
-1
5865
739
1704
6729
5578
-1
-1
-1
-1
3848
-1
-1
4347
2120
-1
-1
6654
2993
-1
-1
-1
4990
-1
3039
4091
-1
8865
-1
2715
-1
1091
-1
7227
5937
629
-1
-1
4165
-1
-1
-1
-1
-1
-1
-1
-1
-1
1702
-1
-1
-1
-1
36
-1
-1
-1
-1
5802
4222
9664
7216
2988
8528
-1
-1
6129
-1
-1
-1
-1
-1
-1
4668
-1
3153
-1
-1
-1
6857
6142
5861
5393
6764
6705
8968
7270
9771
3490
492
-1
3869
-1
7813
6226
-1
5401
-1
-1
2804
-1
7284
-1
5961
1435
-1
5799
2074
860
8647
4961
6733
3246
-1
805
4694
467
-1
-1
-1
6070
-1
-1
-1
-1
3381
9148
3664
9530
4388
-1
6453
-1
-1
-1
1968
-1
970
1049
3962
8401
-1
4640
-1
888
5679
1249
-1
-1
-1
6896
8343
3356
2536
-1
-1
-1
-1
-1
2777
-1
9022
8752
-1
6108
-1
7082
-1
1045
6989
4344
3663
-1
1993
2868
2216
-1
8847
425
5022
6587
7285
2137
4900
-1
-1
6600
-1
-1
1120
329
-1
-1
-1
6652
7479
-1
439
1603
-1
1439
1824
-1
5296
7997
6663
-1
-1
-1
-1
7521
4735
-1
-1
1063
2045
9173
-1
4973
7762
-1
4943
5438
-1
1577
-1
1012
-1
4082
7055
-1
-1
4758
-1
4687
-1
-1
-1
9844
-1
5161
-1
3159
-1
906
5583
-1
-1
-1
-1
6849
4985
1371
3436
-1
-1
201
-1
-1
6306
-1
-1
-1
4364
-1
5254
6151
1575
4599
4324
2172
-1
-1
-1
-1
8790
5687
-1
-1
544
4913
-1
-1
-1
2183
1190
75
7325
-1
-1
4922
538
539
-1
3486
6583
-1
134
-1
4719
9281
-1
7060
-1
-1
680
-1
3907
-1
-1
-1
-1
-1
2409
-1
-1
143
-1
3766
-1
-1
-1
-1
-1
-1
4589
3322
-1
9956
-1
-1
9553
-1
-1
9978
869
8841
5111
3431
8385
986
-1
-1
-1
-1
5237
-1
7655
-1
4100
-1
6858
-1
-1
-1
6148
7620
-1
1812
97
7962
-1
4544
-1
-1
-1
-1
-1
1079
5737
-1
8447
-1
-1
-1
-1
1215
-1
-1
-1
-1
6543
-1
-1
-1
-1
5824
5034
5633
-1
-1
2094
7275
-1
5023
6118
6446
-1
-1
-1
-1
1191
819
-1
5770
7965
-1
-1
8316
9694
-1
5904
5553
9355
8776
-1
-1
6377
-1
-1
3903
3186
2133
5518
1685
-1
-1
-1
-1
5374
8107
1043
8204
6270
-1
4558
-1
9506
-1
-1
7574
-1
-1
2413
5320
6791
6573
3682
7972
4751
-1
1883
5054
423
-1
-1
-1
-1
-1
-1
-1
-1
1353
5248
-1
-1
8488
3413
9358
9017
-1
2487
-1
-1
-1
4210
2079
8747
-1
9596
856
-1
-1
-1
8184
-1
-1
-1
-1
3989
6559
2787
-1
2506
-1
1230
-1
-1
6485
8640
-1
-1
7457
433
-1
-1
-1
-1
2230
-1
1811
-1
-1
-1
6979
-1
-1
6361
-1
3003
-1
-1
6990
-1
8189
-1
-1
-1
-1
-1
-1
-1
7976
2471
7129
-1
2016
903
4611
3355
5014
-1
-1
-1
-1
1772
9179
-1
9275
5597
-1
-1
8548
463
8785
-1
1730
-1
3409
-1
5409
-1
-1
-1
-1
-1
-1
-1
2519
3676
-1
9064
-1
6406
-1
-1
-1
-1
4759
3505
-1
7900
-1
7359
-1
130
2480
-1
5279
-1
-1
-1
-1
-1
2294
7975
7128
9391
-1
8395
7878
-1
7350
-1
-1
8999
810
-1
9120
-1
758
-1
-1
6471
7625
4492
4610
-1
969
-1
-1
2305
-1
-1
-1
-1
8307
-1
6796
6065
1094
-1
5608
1406
6732
4662
-1
504
-1
2963
-1
5336
-1
7154
7927
-1
51
7797
-1
7328
3793
9349
5919
-1
2374
-1
-1
8625
-1
3830
-1
-1
2022
4766
5299
-1
3708
-1
-1
-1
438
-1
9182
1084
-1
-1
2033
5353
9708
3292
3553
5338
5868
-1
-1
-1
2906
1651
-1
-1
6923
-1
6488
3785
-1
-1
-1
2119
1806
-1
6742
-1
-1
2808
-1
7145
7695
8953
-1
-1
2057
1266
-1
-1
-1
2885
7120
-1
-1
-1
9037
-1
1775
1016
-1
7232
-1
212
7016
-1
-1
-1
-1
-1
-1
-1
7310
7830
-1
4560
-1
485
-1
1951
-1
-1
-1
319
-1
-1
6743
7853
2662
-1
-1
-1
1873
-1
4553
-1
-1
7389
-1
-1
8760
-1
-1
8523
-1
-1
-1
8552
-1
-1
6635
999
-1
-1
136
-1
-1
2176
-1
1488
7047
5789
7588
4814
5227
-1
-1
-1
1592
779
7446
-1
-1
-1
5914
4461
9911
-1
-1
7370
4031
7911
-1
1413
1708
9256
-1
-1
5734
-1
-1
-1
-1
1148
435
-1
9663
-1
-1
-1
6429
-1
-1
-1
-1
-1
-1
7476
5268
5577
9291
211
-1
-1
3555
1758
1151
-1
-1
8977
-1
6006
5801
-1
-1
3085
-1
-1
-1
-1
-1
-1
7602
-1
-1
8740
-1
4887
-1
2251
-1
5927
6150
2128
-1
480
7405
324
8618
9007
8509
-1
1272
-1
-1
-1
5214
1852
-1
-1
1522
-1
5886
-1
-1
6701
4481
-1
-1
6668
-1
9535
-1
9862
3863
-1
6771
-1
-1
3906
-1
182
-1
-1
-1
149
6232
-1
-1
4300
-1
1683
-1
8366
3389
9466
-1
6139
-1
-1
-1
-1
2955
-1
-1
8264
-1
1567
-1
4021
-1
-1
-1
-1
-1
7441
9305
-1
6871
7658
4294
5735
-1
-1
6692
775
7164
6882
972
-1
-1
7378
4437
-1
-1
-1
-1
-1
-1
3791
-1
2076
-1
1354
-1
-1
8957
-1
-1
8088
6360
-1
6043
9446
-1
-1
-1
6253
-1
7196
-1
-1
5165
-1
-1
9781
2435
1102
8729
720
4398
3844
519
4190
7271
7065
6194
-1
8949
2510
-1
-1
-1
9302
3930
-1
2837
-1
6163
-1
8818
200
-1
541
2892
2944
8313
8461
6513
-1
9176
-1
1935
5983
-1
8359
8067
8838
8178
6530
1284
8260
1087
-1
7939
-1
5
-1
3469
-1
-1
-1
7374
4527
-1
1401
-1
-1
-1
8024
7960
4860
1
4748
8203
2624
9370
331
-1
7514
-1
5459
-1
9761
3390
-1
7187
-1
2795
-1
-1
-1
-1
6423
-1
-1
-1
-1
-1
2667
4136
3662
1335
8709
2604
-1
-1
9800
-1
-1
1109
1884
599
-1
-1
-1
7787
-1
-1
5940
-1
-1
-1
-1
7386
-1
-1
6116
-1
-1
-1
-1
6207
354
-1
2756
-1
5743
1892
2419
6646
-1
-1
-1
-1
2933
-1
-1
-1
1225
-1
-1
-1
4101
-1
953
7540
4182
-1
6664
4112
-1
1207
-1
813
8457
-1
365
-1
-1
2382
9363
2920
-1
4779
-1
8852
-1
-1
-1
6873
4586
-1
9311
6019
-1
-1
1850
-1
-1
8465
-1
3171
8784
-1
8218
3582
6995
4183
-1
-1
1530
-1
1126
-1
-1
138
-1
-1
9758
-1
-1
-1
-1
-1
-1
4638
2754
-1
4754
-1
8305
-1
-1
-1
1831
-1
-1
3499
5271
-1
7419
1542
-1
-1
-1
-1
-1
2980
3022
7423
2272
-1
-1
3076
-1
-1
-1
-1
-1
7231
7236
-1
-1
7998
-1
-1
6767
1964
1243
-1
-1
-1
5994
-1
7995
6500
9633
6294
2429
1006
7654
184
6628
6842
-1
-1
5149
-1
-1
1566
8051
-1
-1
-1
8723
-1
-1
-1
-1
3400
8357
8823
3169
-1
8153
-1
8187
4240
-1
9336
-1
5445
4080
-1
2733
-1
6797
2495
-1
-1
-1
-1
1336
-1
4634
9524
-1
-1
-1
8409
-1
-1
6718
-1
3105
473
9098
-1
-1
2615
2716
-1
-1
9439
-1
3063
8750
-1
8336
7049
-1
1194
-1
-1
-1
-1
4957
8477
-1
2640
7941
8066
-1
-1
5349
-1
-1
-1
449
353
-1
-1
7564
-1
-1
-1
-1
-1
-1
-1
-1
-1
7912
9324
-1
5482
4212
-1
1647
-1
5226
-1
-1
6390
-1
5064
5261
2259
8543
4404
-1
-1
304
-1
3718
-1
-1
-1
1958
5448
-1
6924
3024
-1
-1
-1
-1
1404
1557
7407
-1
-1
-1
1786
933
-1
6802
-1
-1
-1
-1
3065
2601
1158
4019
-1
2378
4854
1343
-1
-1
-1
-1
-1
9883
3013
6225
4414
6229
-1
-1
6087
1664
-1
3000
-1
9852
6824
9864
-1
2727
-1
661
6683
3565
1322
-1
5144
8947
-1
-1
1804
-1
9144
3366
8641
-1
103
-1
-1
5441
-1
-1
393
3066
-1
-1
6740
-1
1024
1259
3534
4074
973
-1
-1
5549
3259
-1
-1
9963
1782
-1
-1
4059
-1
580
2857
3531
2490
-1
-1
-1
2996
-1
-1
4027
9877
-1
7360
8116
-1
7213
-1
-1
-1
-1
-1
-1
-1
4271
8782
-1
1938
-1
-1
-1
9214
5585
4016
-1
5798
101
-1
-1
7875
5183
3546
-1
741
93
7308
-1
-1
6532
6695
-1
-1
3119
5403
4232
-1
2051
-1
2660
2411
6137
-1
-1
400
-1
9646
-1
408
1801
-1
-1
-1
-1
2206
6713
-1
2221
7503
4220
-1
6886
-1
-1
-1
7805
-1
3387
-1
9792
-1
-1
-1
6551
5132
-1
50
-1
-1
7757
-1
-1
3239
674
3326
-1
350
4216
-1
2505
-1
-1
3319
-1
1239
9164
9452
-1
-1
-1
7282
3294
5870
419
2375
5047
7133
-1
1387
-1
3904
311
7596
2932
2956
6861
-1
4326
7722
7627
-1
5730
-1
-1
-1
-1
3270
7682
151
1525
2702
2589
-1
1499
9757
-1
-1
-1
8825
-1
-1
-1
4488
-1
-1
1996
-1
8201
7908
6451
-1
6021
3715
-1
8982
4984
2466
5760
-1
9809
-1
-1
4969
9049
6821
-1
8846
-1
-1
-1
-1
3932
3245
3984
9953
-1
-1
-1
2534
1668
-1
8389
-1
-1
3161
5171
-1
-1
-1
-1
2758
4568
-1
-1
-1
1196
7913
-1
9688
-1
8283
5016
4917
-1
3973
-1
-1
-1
434
-1
7466
-1
-1
-1
-1
8781
5809
-1
-1
3261
1391
3266
-1
6407
-1
-1
-1
-1
-1
2865
7117
-1
3605
6199
-1
7781
5042
-1
-1
-1
-1
-1
8971
-1
-1
8101
-1
5494
8012
-1
5493
5076
6686
-1
124
9473
3928
-1
-1
-1
3448
-1
-1
268
-1
8497
-1
4110
-1
-1
9247
6798
-1
-1
-1
7510
2404
-1
-1
-1
-1
-1
-1
1274
-1
-1
5185
2352
-1
508
854
386
-1
554
7612
-1
-1
-1
9442
-1
-1
3279
3809
9667
-1
4772
1514
-1
5843
-1
4009
-1
29
-1
-1
8065
3599
8310
-1
-1
5906
-1
7166
3840
-1
2036
9979
-1
-1
831
-1
-1
-1
-1
9946
-1
7993
3511
-1
917
-1
2357
3680
1955
-1
-1
-1
7079
-1
-1
7089
6524
-1
6716
-1
-1
4588
665
5959
-1
-1
-1
-1
338
-1
9686
5092
5112
-1
-1
2961
-1
7494
9224
-1
-1
897
1643
-1
-1
2582
1173
-1
-1
-1
-1
-1
-1
1728
2327
1327
493
-1
4715
-1
-1
7504
-1
7794
-1
8927
-1
6381
5534
4946
1562
1885
9292
-1
-1
3136
195
8607
-1
7883
-1
-1
-1
-1
4827
-1
-1
2973
6721
-1
-1
-1
7496
-1
-1
3877
-1
6408
-1
9762
-1
-1
7629
-1
-1
2431
-1
6313
-1
7632
-1
-1
-1
5925
-1
-1
-1
-1
6140
-1
-1
-1
9100
-1
-1
-1
4093
9008
-1
8898
4714
5436
4077
-1
-1
2901
8919
1818
9387
-1
9741
-1
-1
-1
1108
798
7928
8442
-1
-1
7433
-1
-1
-1
-1
-1
560
-1
5150
8256
874
-1
-1
-1
-1
3144
-1
4811
-1
-1
-1
-1
3391
8730
-1
4623
2852
3021
-1
-1
-1
-1
2295
-1
7072
-1
3944
-1
-1
-1
-1
-1
-1
-1
-1
6811
1144
946
8315
7416
7855
7324
-1
-1
8495
-1
3619
4138
-1
9943
1628
4891
-1
-1
2929
-1
-1
617
-1
9118
-1
-1
-1
9116
6853
-1
7103
872
6410
1220
7943
-1
1329
-1
-1
279
7531
9725
-1
8109
-1
5125
-1
1258
3324
6596
-1
-1
5541
4572
-1
9849
-1
4284
2617
-1
-1
6759
7842
-1
-1
472
4338
4702
7926
-1
4942
-1
7364
5588
-1
9502
1011
5316
235
934
9949
-1
-1
-1
2260
6068
1711
8753
-1
-1
-1
261
9634
4659
-1
8549
2157
-1
49
1447
8708
-1
-1
1832
-1
-1
6362
-1
-1
607
-1
-1
-1
5462
2643
-1
-1
3612
9882
5314
-1
1454
-1
-1
3954
-1
6155
-1
-1
3471
4613
9450
4816
-1
-1
-1
9795
9477
-1
7059
4607
-1
-1
-1
3223
8767
-1
-1
2249
7924
-1
1705
-1
-1
-1
-1
-1
-1
1009
-1
6200
-1
-1
3502
-1
2942
4465
-1
7635
-1
-1
-1
-1
-1
-1
9406
-1
-1
7212
2020
-1
1136
-1
4425
4986
8834
-1
7432
2848
-1
-1
-1
-1
9598
8914
-1
-1
6817
-1
-1
-1
-1
8379
3512
-1
-1
3888
9966
9755
-1
6304
1677
6988
-1
-1
5386
9732
-1
2155
-1
6338
-1
170
9457
3452
-1
-1
9361
1793
347
383
6926
-1
-1
1221
3993
-1
-1
-1
575
2711
-1
-1
-1
-1
-1
-1
1630
-1
-1
526
-1
-1
-1
-1
1604
-1
-1
-1
-1
1771
2695
-1
9351
-1
-1
1642
-1
428
-1
-1
-1
4363
486
-1
2017
-1
6758
8797
-1
-1
853
8505
-1
6459
-1
42
-1
-1
-1
3639
-1
-1
4353
-1
6134
-1
8009
8217
1400
6746
-1
-1
340
-1
-1
8159
-1
-1
2169
374
4248
-1
-1
2594
8113
9980
6909
-1
-1
7619
-1
-1
-1
9734
-1
-1
2919
1656
1238
-1
-1
1299
7606
-1
-1
9244
4975
8774
-1
-1
-1
6403
-1
9685
3839
7882
-1
-1
-1
5235
2364
9722
7753
4939
6808
-1
-1
3445
-1
8226
-1
7617
-1
7179
-1
-1
7222
7899
-1
3668
-1
-1
-1
-1
6627
9876
1827
-1
-1
-1
7568
8138
7447
9534
8614
-1
961
-1
3229
2810
-1
9594
-1
4912
5620
-1
2315
-1
8665
6961
-1
780
-1
-1
9001
849
-1
-1
-1
7193
-1
-1
8519
-1
-1
1176
-1
5576
-1
9519
9259
2103
5169
9870
6339
2887
-1
-1
-1
-1
-1
-1
5377
-1
-1
-1
2423
-1
-1
9236
-1
7063
-1
-1
-1
-1
7155
-1
-1
3956
4817
-1
-1
4550
-1
3559
-1
-1
-1
-1
-1
-1
4130
-1
7538
-1
3748
-1
572
-1
-1
1119
3936
2073
5450
-1
-1
-1
2879
5123
-1
8386
-1
-1
1939
3271
-1
-1
7259
9410
-1
1275
2211
8793
5266
7336
-1
-1
5439
-1
-1
6795
6091
2851
4256
-1
-1
8441
-1
-1
-1
6236
-1
-1
6206
2880
3328
646
-1
-1
7221
-1
1582
3788
2197
-1
-1
-1
2682
-1
-1
-1
6002
6243
2123
3670
4641
-1
9752
6106
6263
3743
-1
-1
-1
-1
1262
-1
8449
1744
1017
-1
9051
-1
-1
7106
8540
6581
8663
-1
9271
-1
1240
-1
-1
3918
2467
5238
2446
-1
8780
-1
-1
3378
-1
-1
59
6431
-1
1797
5844
1745
-1
-1
4355
9168
-1
4733
7811
-1
-1
2499
-1
-1
1526
8761
-1
-1
-1
1671
5852
-1
-1
6562
8015
6502
2814
-1
913
-1
2333
-1
-1
3873
465
-1
-1
-1
-1
8059
-1
-1
6893
-1
4042
-1
5305
1922
-1
6722
-1
6251
-1
-1
-1
-1
-1
6690
-1
6507
7989
8039
-1
-1
-1
9141
2281
-1
-1
-1
5657
-1
-1
6522
726
153
-1
7397
-1
-1
5515
-1
842
3001
-1
-1
4994
4535
-1
5739
2869
7369
-1
683
5327
3851
6034
9270
-1
5514
7058
898
-1
6393
-1
-1
9087
3768
-1
-1
3545
-1
-1
4882
1670
7910
-1
8210
-1
2097
-1
-1
2124
-1
4561
-1
-1
-1
-1
8408
1736
1429
-1
4904
7214
-1
8281
-1
9767
-1
-1
3503
-1
7978
2938
-1
-1
-1
3198
1452
-1
-1
3754
292
-1
696
-1
8995
9169
2694
-1
-1
-1
-1
-1
-1
1532
8872
-1
-1
-1
9987
7156
-1
-1
8469
8890
8115
6892
-1
-1
5988
-1
9770
-1
-1
-1
-1
5513
2398
-1
-1
9748
-1
-1
2625
7876
1082
-1
-1
8626
-1
8253
-1
-1
-1
2811
5546
-1
-1
1926
-1
8556
-1
5404
8287
-1
-1
-1
-1
8438
-1
-1
9615
2284
-1
-1
-1
-1
-1
-1
2725
-1
-1
8719
-1
-1
-1
-1
177
-1
-1
9536
-1
-1
-1
-1
9937
-1
-1
9997
5652
5548
-1
4782
-1
-1
-1
-1
579
1795
-1
5768
127
9955
5284
-1
2476
-1
4799
8381
1640
634
6413
9539
7562
2254
-1
5659
-1
-1
7184
4650
3023
948
8811
-1
5932
9799
-1
5206
6982
2365
4718
-1
4362
7795
5688
-1
3488
-1
3071
4250
8848
-1
9804
-1
2300
-1
-1
-1
4648
-1
9162
-1
5851
5675
5709
-1
1153
1932
-1
-1
9632
-1
2661
7005
-1
-1
-1
-1
8166
9577
445
3552
5860
7630
-1
6310
217
9399
1342
-1
2371
-1
-1
-1
-1
8843
-1
-1
-1
4923
-1
4653
-1
3019
7163
1512
-1
-1
-1
-1
-1
3688
3197
35
9382
3894
3483
3374
4043
632
-1
-1
-1
6997
-1
7791
1898
1068
1507
-1
9026
8292
-1
-1
-1
5424
-1
893
9780
-1
3371
3686
8597
2921
-1
2220
2198
1684
5626
971
-1
-1
-1
1219
-1
-1
-1
-1
8576
6355
-1
-1
4531
7967
-1
-1
7560
-1
2558
8542
1183
8097
-1
6460
-1
-1
2439
7603
-1
-1
-1
5312
9698
422
-1
-1
2800
-1
-1
-1
-1
-1
-1
8022
-1
7511
2750
-1
2307
8422
-1
8722
8234
7178
5698
5198
2583
919
-1
4366
3924
-1
-1
738
-1
8696
3298
4863
9571
5126
-1
-1
2406
6398
1434
-1
-1
-1
4505
252
-1
-1
4046
-1
8712
3079
-1
-1
451
-1
-1
-1
-1
802
-1
-1
-1
8955
636
5526
-1
4159
-1
4412
2918
2115
-1
6287
-1
-1
1871
4117
-1
7300
-1
-1
-1
-1
-1
-1
-1
-1
1796
5036
-1
5346
1855
-1
-1
-1
-1
9063
4445
5025
398
-1
-1
2544
-1
-1
5010
-1
-1
4658
-1
2872
6883
6970
-1
8717
9528
-1
-1
91
-1
4433
9487
7537
-1
-1
19
4381
-1
-1
-1
2781
3072
-1
-1
-1
7127
9611
-1
7273
8300
5634
-1
1727
-1
-1
5560
-1
-1
-1
1449
-1
4439
5761
-1
-1
4180
4746
1756
-1
-1
-1
8531
3055
-1
-1
6054
3586
-1
-1
-1
-1
-1
-1
8866
-1
1545
8918
7931
1186
4335
-1
-1
6794
6611
4685
-1
-1
7001
4068
4692
-1
9039
7102
4407
8580
8471
5002
820
-1
996
-1
-1
-1
-1
3782
9207
-1
5110
4055
573
-1
9597
-1
690
-1
-1
5658
5068
-1
-1
-1
-1
-1
-1
-1
-1
2806
7373
6778
-1
-1
-1
1747
3026
-1
-1
-1
9573
-1
5625
7789
-1
4578
2501
9919
-1
-1
-1
-1
-1
-1
2677
8000
-1
-1
9827
-1
1357
794
949
-1
-1
1694
-1
6135
2438
-1
9480
8756
-1
-1
-1
-1
4731
-1
8594
5147
-1
-1
-1
1398
1697
-1
-1
-1
-1
3922
9549
-1
-1
4107
-1
-1
2849
7223
-1
-1
-1
5194
-1
4309
1820
-1
8964
-1
-1
-1
-1
-1
-1
2995
3281
-1
-1
-1
-1
6368
-1
6556
5026
781
-1
-1
5201
-1
-1
3522
-1
3016
-1
-1
-1
-1
-1
-1
-1
-1
-1
299
3428
-1
-1
367
1740
1242
-1
5641
7443
2755
7013
-1
5693
6455
-1
-1
-1
-1
-1
-1
9749
-1
503
7486
-1
3829
-1
5998
2731
9397
6025
2807
-1
-1
-1
9724
7814
9863
9414
4193
-1
-1
-1
-1
-1
6442
8467
2222
-1
-1
-1
6259
-1
3492
-1
-1
-1
-1
1383
3302
7208
-1
-1
-1
-1
7961
-1
-1
5788
3337
-1
6660
-1
9880
-1
-1
-1
6030
-1
-1
2450
-1
-1
9584
-1
2066
3388
-1
-1
3346
8249
-1
1001
-1
3517
-1
168
6472
3953
-1
-1
-1
1581
6579
4204
-1
-1
9909
-1
5318
9456
-1
-1
-1
475
-1
-1
-1
2802
3087
4196
-1
-1
8714
-1
6651
-1
-1
8060
-1
8394
-1
-1
3243
-1
-1
-1
-1
454
-1
5249
6357
6649
-1
-1
-1
9025
-1
-1
-1
-1
2072
8515
-1
-1
-1
2833
-1
-1
-1
7406
-1
5557
6619
8279
-1
-1
6498
-1
7483
33
6309
440
-1
-1
-1
-1
5662
-1
-1
-1
3017
8388
-1
-1
8591
641
6422
5379
8167
-1
-1
-1
7469
-1
-1
-1
6520
-1
-1
-1
-1
7801
-1
-1
-1
-1
-1
-1
-1
3554
-1
-1
-1
-1
-1
-1
4837
-1
6999
-1
-1
3473
-1
-1
5056
-1
-1
-1
-1
-1
-1
-1
-1
-1
1680
3358
6173
4008
675
-1
-1
7738
4614
7006
4241
-1
3295
2564
2338
5594
-1
6563
5543
4289
2708
3951
5631
-1
611
7118
8627
-1
-1
-1
-1
-1
5581
7945
-1
3287
-1
3166
-1
-1
2503
735
4149
-1
-1
-1
-1
1764
3647
7158
-1
3705
-1
-1
7429
8829
-1
-1
-1
8599
-1
1096
-1
9245
-1
-1
5987
5685
568
-1
-1
-1
-1
-1
7183
-1
-1
-1
2459
2580
1022
3556
-1
-1
4601
-1
5753
-1
2689
8046
-1
207
7641
4126
984
-1
3201
7651
8085
-1
9714
-1
6776
-1
3353
-1
5013
-1
3728
285
-1
6244
-1
-1
6080
8365
6240
3751
1286
169
-1
-1
-1
2213
-1
-1
-1
2306
-1
-1
-1
7019
-1
-1
7182
7152
-1
5120
-1
-1
-1
-1
-1
-1
8941
7032
60
6440
8816
-1
-1
-1
5561
9973
-1
-1
9881
1058
5342
-1
7342
3058
-1
-1
-1
2784
3317
9830
-1
-1
-1
-1
-1
-1
308
7810
-1
5793
9994
-1
-1
5245
-1
9458
6329
-1
-1
3351
-1
-1
3373
1393
8697
-1
-1
6234
-1
5358
7600
-1
-1
-1
3275
-1
-1
2607
8876
7482
3749
861
-1
-1
9675
-1
-1
-1
689
5582
5375
-1
-1
-1
8147
-1
9325
-1
-1
9489
-1
6332
-1
9806
3442
-1
9642
-1
-1
2219
-1
-1
9654
-1
3831
5027
-1
8486
-1
4677
4691
-1
-1
2195
6541
-1
-1
8102
-1
-1
-1
8323
-1
1538
8875
-1
-1
-1
3998
8380
2600
-1
678
4724
448
1587
1569
-1
-1
4573
-1
-1
-1
-1
-1
-1
-1
-1
-1
2173
-1
8812
-1
-1
3884
8271
-1
7868
-1
5903
2339
5522
5782
9525
602
-1
5667
2991
-1
-1
1719
8951
4168
-1
5907
-1
-1
-1
2270
-1
7051
-1
-1
2200
-1
-1
2739
4030
-1
-1
-1
-1
-1
-1
-1
-1
995
7143
2178
8117
-1
4745
8056
6303
-1
8828
6166
4708
3890
-1
-1
231
-1
-1
-1
-1
1834
8427
229
6521
6314
3098
4192
-1
-1
-1
5555
3950
4385
3856
2422
-1
-1
-1
569
5391
9046
-1
-1
-1
1518
3310
-1
-1
-1
-1
-1
-1
9405
8112
5077
9441
3439
-1
8963
9902
1754
6815
8288
-1
-1
7322
-1
9655
9976
7803
6564
9996
-1
-1
-1
-1
3290
-1
7395
-1
-1
-1
-1
9671
5291
1168
-1
-1
-1
-1
-1
672
-1
-1
7431
4368
6358
8430
-1
-1
-1
-1
-1
2263
-1
-1
-1
41
4683
-1
5321
-1
6205
1857
8158
-1
-1
6100
-1
-1
8583
-1
4839
-1
6515
-1
-1
-1
-1
9625
-1
-1
7445
3108
2569
-1
9644
-1
2742
2721
-1
6336
-1
1080
-1
-1
-1
-1
-1
7555
-1
2122
-1
-1
6175
-1
267
397
7233
-1
-1
1433
-1
-1
9935
5189
4852
-1
8231
1321
-1
7544
3967
-1
-1
9057
3443
424
-1
2342
2945
-1
-1
-1
-1
-1
-1
-1
-1
-1
848
657
-1
8922
5591
-1
-1
1924
-1
-1
-1
-1
5434
-1
8047
-1
5207
4529
-1
4303
2225
-1
-1
-1
-1
-1
-1
6086
8689
4228
-1
-1
6801
4392
3083
-1
2514
6955
8669
-1
-1
-1
-1
-1
1271
6321
-1
9666
3926
9138
9286
-1
-1
5356
6290
7020
-1
-1
5751
-1
-1
-1
-1
9726
5053
9317
7018
-1
847
994
-1
-1
-1
3204
1506
7703
8163
9716
262
-1
-1
7125
-1
-1
1863
-1
4948
7021
1184
1722
7450
-1
5289
-1
8103
9695
-1
3729
6074
7986
-1
6803
2494
4464
3772
5083
-1
-1
6356
-1
240
9537
-1
-1
9505
-1
-1
-1
183
-1
-1
8463
7086
-1
7835
8354
-1
-1
-1
-1
82
-1
9511
1318
6880
9340
2508
-1
9216
2579
1618
7174
6693
-1
3321
3344
-1
-1
-1
2158
5926
6868
4593
-1
9906
-1
6394
283
4475
-1
-1
8192
-1
-1
-1
-1
-1
1061
1423
-1
-1
5655
9326
333
8817
8877
-1
-1
-1
-1
1436
8525
-1
2442
4116
9717
-1
-1
6978
9114
1114
69
-1
-1
-1
2654
-1
-1
-1
-1
2630
-1
8195
-1
-1
2703
2417
3100
6741
173
5618
-1
8251
-1
-1
3756
7634
9797
-1
2191
287
-1
-1
817
-1
-1
5477
-1
-1
-1
-1
2381
-1
7737
-1
-1
-1
-1
7909
8707
649
864
3521
4424
7201
-1
-1
2238
1332
612
8286
-1
6443
571
3123
-1
6238
3666
-1
2678
3774
3570
186
-1
-1
9421
5412
6833
-1
6283
-1
-1
6844
3386
9578
-1
3377
-1
-1
7554
478
-1
8301
2289
5781
-1
7146
-1
6113
-1
-1
-1
5058
-1
-1
-1
-1
9998
-1
3760
-1
6986
-1
6546
-1
-1
-1
495
7802
5601
7669
9639
1113
1141
-1
5359
-1
8299
9128
5609
-1
-1
5491
2581
5846
-1
4532
6845
4864
-1
1637
-1
2149
-1
-1
6417
-1
6013
-1
-1
-1
-1
-1
3976
-1
-1
8005
-1
-1
-1
5574
456
2256
8656
-1
-1
-1
2987
7812
-1
-1
-1
8748
2286
1331
221
1252
-1
4379
-1
8412
9242
-1
-1
-1
1919
-1
5213
-1
5727
6735
-1
-1
-1
4163
6540
4061
418
-1
-1
5858
7920
9591
6145
8383
1086
4933
5181
-1
3579
3909
-1
3232
-1
-1
9293
-1
8622
-1
3850
5894
-1
6280
9747
-1
4554
9812
-1
-1
-1
198
-1
-1
-1
-1
6351
9280
2475
-1
4739
4320
5891
-1
7355
-1
-1
7724
-1
-1
-1
3665
3268
7804
8744
-1
3045
9995
-1
-1
9738
5917
8769
4755
-1
7872
7417
-1
-1
-1
-1
-1
3125
7317
3654
9483
-1
-1
785
-1
7097
-1
-1
6174
4932
4462
-1
-1
-1
552
1213
-1
-1
-1
-1
-1
2376
-1
2282
4602
2067
4657
3193
3778
-1
3421
510
-1
-1
7430
1112
-1
-1
6245
-1
8038
4773
8529
2762
-1
6962
3812
-1
3611
-1
-1
-1
1054
-1
-1
-1
-1
-1
-1
-1
8741
7383
-1
-1
2005
-1
5192
9163
9040
626
1808
-1
-1
-1
-1
6996
-1
-1
-1
-1
6691
-1
7415
9647
-1
-1
-1
990
514
-1
-1
9681
4066
8214
2351
2134
-1
5830
-1
-1
-1
7843
-1
-1
-1
7850
1965
-1
-1
-1
6333
-1
-1
6671
6044
8637
-1
-1
-1
-1
9221
-1
2224
-1
5968
-1
-1
8209
-1
3160
-1
-1
-1
-1
-1
-1
5418
-1
-1
8677
-1
8280
-1
-1
5114
-1
-1
1953
-1
-1
7332
-1
7025
6820
-1
-1
4958
-1
2308
-1
5015
4401
8633
8555
-1
-1
6876
-1
3730
782
-1
-1
2504
-1
1366
4590
-1
998
4485
6940
-1
8186
-1
9004
-1
3250
9657
368
9972
-1
9984
2686
-1
-1
-1
-1
-1
-1
9241
-1
241
5924
4376
-1
3325
-1
-1
4144
9532
7576
9510
8235
6095
-1
-1
4728
8481
6292
-1
9608
44
-1
7671
-1
8473
3657
3465
4706
-1
4332
-1
2875
3566
7052
1038
-1
9719
-1
-1
7122
830
5484
-1
-1
-1
-1
-1
-1
4646
-1
5847
2135
997
608
-1
-1
8100
8277
8899
7249
6840
9964
5264
-1
7866
-1
6198
-1
4269
553
1839
-1
4369
-1
-1
-1
7661
-1
9803
86
-1
9832
4331
-1
-1
3824
-1
979
-1
6195
-1
-1
-1
6806
-1
-1
72
8194
5875
4243
-1
763
3305
1588
-1
-1
7023
-1
1689
9073
-1
9512
-1
2863
-1
9160
-1
5373
2903
14
731
-1
-1
821
9174
8479
-1
-1
-1
628
9323
4328
1307
942
-1
-1
5755
7672
9521
-1
4153
-1
1396
-1
-1
6867
-1
-1
-1
-1
9290
2619
1093
4083
-1
7042
5168
-1
-1
6315
-1
9782
-1
-1
2068
-1
2092
-1
9056
-1
5692
9582
-1
7721
2532
5460
1437
327
5872
4914
1062
9517
9299
9123
8889
8106
-1
-1
-1
-1
7711
224
574
9618
4534
-1
9840
9838
2841
77
-1
3397
-1
-1
-1
5262
5160
-1
-1
8937
1888
7796
766
3380
5104
548
5949
4322
5442
-1
2557
-1
-1
-1
-1
-1
-1
6257
-1
4472
9684
-1
1703
7398
-1
-1
-1
1263
-1
2949
9400
-1
-1
5180
2596
-1
-1
4696
-1
-1
6768
3710
-1
-1
7551
-1
-1
3919
-1
-1
9623
1654
-1
-1
-1
-1
8620
815
-1
-1
3034
-1
6878
8909
-1
-1
5701
2090
2835
6913
5154
7968
4018
935
345
8504
2166
-1
-1
7473
-1
5236
413
-1
-1
8413
-1
7506
4336
8096
4114
7425
-1
-1
-1
6066
6161
7070
-1
-1
3842
7011
-1
-1
3542
-1
5293
-1
2069
-1
2322
-1
7434
-1
-1
-1
-1
-1
-1
-1
5945
-1
-1
5330
2373
7856
7509
-1
-1
1937
1392
-1
7400
5683
8524
-1
8114
5306
-1
8935
3089
9875
8142
1277
-1
6062
-1
4787
458
8601
-1
-1
-1
9416
-1
4789
-1
-1
-1
-1
8938
8654
-1
1829
7331
2614
2631
7418
5639
3477
-1
4624
8177
-1
-1
-1
8242
1487
-1
2822
1198
9464
-1
8882
1118
3597
-1
-1
-1
-1
6971
-1
5521
9332
-1
630
1474
-1
-1
5369
2763
5408
-1
-1
7834
-1
3135
-1
-1
-1
-1
4815
-1
288
619
8804
2629
8932
-1
-1
237
-1
2324
-1
-1
-1
7548
-1
884
9233
2193
4006
5816
3127
-1
1110
-1
-1
5912
-1
-1
-1
-1
-1
625
-1
-1
-1
4089
-1
5985
-1
-1
3943
9427
4456
542
-1
2696
6614
-1
650
9488
9407
-1
-1
1111
2699
1333
-1
2179
9504
1851
-1
263
9463
2752
-1
-1
-1
-1
1528
5980
-1
-1
8659
-1
4102
7343
5488
-1
-1
-1
205
-1
5244
5832
-1
9435
9595
7396
-1
4124
6045
2150
111
6387
5719
9032
-1
5774
3
7582
-1
-1
-1
-1
8979
-1
-1
7933
-1
1478
-1
-1
-1
-1
-1
-1
-1
7885
-1
9437
-1
-1
-1
1838
-1
2274
-1
-1
-1
216
-1
950
2434
-1
4128
3466
-1
2161
2368
-1
-1
-1
6186
-1
2972
8867
-1
-1
-1
2683
5539
-1
8926
-1
6900
-1
-1
-1
7453
-1
-1
727
-1
2007
-1
2075
8070
-1
2140
2966
-1
-1
-1
7956
-1
-1
-1
9710
-1
4122
7139
-1
-1
9225
7610
3345
-1
-1
-1
1645
1910
883
6760
-1
-1
5246
1300
8521
-1
659
-1
-1
537
8135
3780
-1
7319
-1
6384
5590
-1
-1
-1
-1
5211
-1
-1
8881
-1
-1
7523
6644
7262
-1
1026
6395
7981
-1
5976
1446
-1
-1
2870
-1
7302
-1
-1
-1
-1
-1
-1
6800
-1
7825
9368
4522
-1
-1
7351
-1
4000
-1
-1
-1
3361
-1
-1
-1
876
-1
-1
-1
7477
-1
-1
-1
-1
-1
-1
1978
9408
9788
-1
-1
6418
-1
9081
5645
3913
-1
-1
-1
-1
-1
-1
-1
-1
-1
4762
9152
-1
2516
-1
-1
-1
-1
1767
-1
-1
-1
-1
3363
-1
-1
-1
9778
-1
7124
8522
8042
7891
5122
-1
-1
158
-1
-1
294
-1
-1
-1
9070
4551
-1
6162
5671
4306
-1
-1
-1
-1
2798
6324
-1
7037
7087
8451
-1
6269
-1
6307
-1
2132
-1
-1
-1
3336
-1
4976
-1
3886
-1
-1
1154
115
9990
-1
6834
-1
2048
4987
-1
-1
-1
-1
4689
3585
-1
-1
6284
-1
-1
-1
9075
9440
-1
-1
8215
-1
-1
4145
-1
-1
2799
-1
5531
-1
-1
-1
-1
387
7009
-1
-1
-1
-1
4466
-1
-1
-1
-1
-1
3309
-1
-1
-1
-1
497
-1
-1
6274
-1
3820
-1
7250
-1
1330
57
3893
4334
-1
5423
-1
4825
-1
4413
-1
7264
131
-1
5255
-1
112
6727
-1
17
3479
-1
-1
8320
-1
-1
4118
-1
-1
3456
-1
-1
-1
2776
-1
-1
-1
1033
-1
-1
5763
8815
-1
-1
-1
-1
8686
9680
5506
5558
291
-1
-1
7335
-1
-1
867
4084
-1
2658
6525
4352
3947
-1
-1
4081
6580
-1
-1
-1
4463
-1
7422
-1
2740
-1
5607
9620
-1
6000
-1
1270
-1
-1
1328
7771
-1
-1
6784
3213
7675
-1
5822
-1
6678
7440
8728
2864
-1
-1
1847
6688
2641
8845
-1
9401
5152
5956
-1
-1
-1
-1
-1
-1
7108
-1
4918
4895
1940
7199
4131
-1
3815
-1
6454
3875
-1
5508
9213
9669
-1
8798
4003
-1
3880
2834
9020
-1
-1
-1
-1
-1
7774
-1
-1
-1
-1
-1
5690
5756
4097
1657
-1
7471
-1
1185
-1
9086
-1
-1
7779
-1
9745
-1
-1
6952
9180
-1
1701
-1
-1
250
-1
-1
9220
6499
-1
3450
-1
8243
-1
-1
4523
-1
-1
3738
-1
-1
-1
-1
-1
5710
-1
-1
81
-1
1742
-1
1159
-1
-1
-1
-1
1246
3257
349
7674
-1
-1
3996
8244
4500
-1
1667
-1
9754
484
768
-1
-1
-1
8182
-1
1390
8994
5433
-1
-1
-1
-1
3615
6202
-1
-1
-1
-1
1005
5315
-1
-1
7542
377
-1
-1
-1
2603
-1
-1
5247
-1
6026
5512
-1
-1
-1
2842
-1
3712
7726
-1
-1
1593
4848
-1
4555
-1
4227
5106
-1
-1
-1
-1
1508
8821
7088
-1
-1
9010
-1
7526
4508
3252
7044
-1
926
-1
-1
-1
3758
4203
-1
2886
2400
-1
-1
5678
-1
-1
-1
6323
9993
-1
9154
-1
-1
5599
9878
-1
-1
4597
-1
-1
2229
-1
-1
-1
9430
-1
6035
6750
670
-1
824
-1
-1
-1
4667
3195
3740
5234
4684
1466
7410
-1
-1
9613
-1
-1
-1
8121
7725
-1
6610
3424
-1
-1
6102
2175
-1
-1
-1
9853
4164
8490
-1
-1
429
2778
-1
9971
-1
-1
4443
4807
-1
4146
4802
-1
-1
-1
-1
-1
4380
-1
-1
7598
8340
-1
-1
-1
-1
9289
-1
6003
7022
-1
-1
2572
1601
-1
-1
-1
3260
-1
1788
4397
6984
-1
-1
2046
-1
-1
-1
8579
-1
-1
3775
-1
7765
-1
-1
-1
6549
8878
-1
-1
-1
-1
2024
7716
-1
-1
-1
-1
-1
-1
-1
-1
6078
7893
7109
-1
-1
-1
-1
-1
-1
7745
-1
-1
-1
-1
-1
-1
-1
905
5331
5415
3515
-1
-1
-1
5741
3658
1137
4652
-1
5664
5276
-1
2136
5051
3032
5978
4088
-1
-1
-1
9184
-1
5153
-1
3457
-1
-1
2824
8084
6527
-1
-1
9209
-1
-1
6412
-1
8036
4704
7435
2387
-1
-1
4229
5285
1025
-1
4967
-1
-1
-1
4549
-1
-1
-1
5682
-1
-1
2347
5611
-1
-1
1245
1244
-1
-1
1837
-1
-1
-1
-1
-1
-1
5871
-1
-1
2940
-1
8516
-1
-1
9403
-1
9760
1600
-1
-1
2142
-1
2734
1072
-1
-1
7172
-1
2634
5969
58
9569
-1
-1
1056
-1
7854
-1
6001
-1
7297
-1
5124
-1
-1
-1
-1
7677
-1
4330
-1
7815
-1
4152
5663
1735
8724
6621
-1
-1
6673
-1
9962
-1
-1
1751
-1
3691
-1
-1
8993
2163
-1
3709
-1
-1
9729
4345
5102
-1
5091
-1
-1
1524
-1
4896
1699
-1
-1
1572
7253
-1
2595
4908
5884
-1
-1
6535
6675
-1
-1
-1
8080
-1
-1
3037
1356
6130
-1
1560
4253
-1
7519
8460
-1
9089
547
-1
6911
-1
-1
1615
-1
5399
-1
-1
6963
7999
-1
5179
7041
9545
6340
-1
-1
-1
1620
1983
-1
6344
-1
8093
-1
5649
2531
-1
-1
-1
4862
2189
-1
2693
6288
-1
-1
-1
1469
9373
-1
-1
3532
671
3464
9346
3073
-1
4423
-1
-1
8534
-1
8321
-1
9277
-1
208
4333
-1
2598
9825
9002
-1
4996
2335
8311
-1
7979
-1
-1
-1
5288
-1
2874
1359
-1
-1
-1
4415
-1
-1
-1
3109
7884
5913
-1
-1
1687
-1
193
-1
-1
2560
2838
-1
5072
-1
6684
-1
-1
6330
-1
6648
6514
-1
5472
-1
2009
3104
-1
6022
-1
3056
4451
807
-1
2384
-1
5718
8431
1289
7932
4966
3827
8134
-1
3031
3081
-1
8484
356
-1
7427
4583
416
-1
-1
-1
1182
3825
3653
-1
318
6128
-1
3958
-1
-1
3462
-1
7307
-1
4273
-1
-1
-1
8564
8928
-1
-1
-1
1440
8809
-1
-1
9846
7827
270
-1
6138
-1
-1
-1
-1
-1
6383
5052
107
-1
-1
-1
1979
110
-1
-1
4709
4925
963
8267
-1
8678
-1
-1
-1
9691
1115
1876
-1
6250
-1
-1
6496
-1
4399
8205
-1
7448
-1
9496
2100
9432
5784
-1
5309
609
-1
-1
5384
-1
-1
-1
-1
406
1349
931
1170
3861
-1
4791
5037
9199
7946
9750
-1
6182
-1
-1
2561
178
-1
4545
-1
3575
-1
7027
6320
-1
2061
181
4389
8650
3155
3507
1023
-1
8150
-1
7353
7081
9459
-1
5942
-1
-1
-1
7679
9191
-1
-1
8777
-1
4307
2769
-1
1748
8870
9333
1589
-1
-1
9474
4305
4213
-1
8863
3872
6052
-1
-1
-1
67
-1
604
-1
4526
2593
-1
4360
-1
8623
7371
459
5197
8348
1042
-1
-1
6633
-1
2231
4741
4132
1073
432
716
9783
-1
9689
4005
-1
-1
-1
8063
8901
-1
-1
-1
-1
-1
721
-1
-1
-1
4998
-1
2290
-1
4507
-1
5063
2785
3120
-1
-1
-1
-1
8619
-1
-1
9356
6753
7618
-1
7717
2796
-1
-1
1116
5028
71
-1
-1
-1
5723
1070
-1
633
-1
5517
640
-1
2015
4367
-1
-1
-1
5196
4783
6748
-1
4477
9794
5167
5017
-1
-1
-1
8140
-1
-1
431
9682
1497
7723
-1
7321
7095
-1
7498
-1
-1
-1
3303
-1
-1
-1
1755
-1
6246
-1
-1
2828
-1
5073
8716
-1
9892
5694
-1
6494
2156
4301
1290
11
822
7820
-1
-1
-1
-1
5923
5286
5394
-1
5859
6720
3148
-1
-1
-1
9061
3952
-1
9434
8118
2866
2657
9053
3062
7942
-1
-1
7829
-1
359
-1
7015
9833
9915
-1
-1
3562
5635
-1
4483
2385
7130
-1
6537
4518
-1
9786
5186
-1
-1
890
-1
4010
7195
-1
-1
1823
-1
-1
-1
-1
9388
-1
-1
5736
-1
-1
-1
9869
-1
-1
-1
5787
7601
1635
4915
-1
6110
2139
3995
7767
-1
-1
9908
-1
9837
2146
1868
4280
3885
-1
6286
-1
2704
-1
9412
-1
-1
89
-1
6416
-1
9360
8987
-1
-1
-1
8510
7628
-1
-1
9181
-1
-1
-1
-1
-1
6386
2547
-1
-1
-1
4013
7458
9383
-1
1843
-1
6640
-1
-1
2652
7412
-1
9652
8334
-1
-1
3369
-1
4170
-1
260
7833
-1
5045
-1
3838
-1
1759
-1
2896
-1
-1
1817
-1
-1
-1
3797
1302
4569
9327
8934
-1
-1
-1
9793
-1
-1
-1
-1
-1
-1
900
-1
-1
4565
7189
8732
-1
-1
-1
-1
-1
6657
-1
-1
7754
6855
5392
-1
954
8172
-1
-1
-1
8325
-1
6819
-1
-1
4819
1752
9740
-1
-1
1950
1548
-1
4418
1416
6325
-1
9402
-1
9431
-1
2297
-1
-1
7785
-1
5366
-1
-1
-1
-1
-1
-1
-1
-1
-1
-1
-1
2588
5311
7481
-1
-1
4617
5372
8533
-1
-1
-1
-1
5817
8585
1616
655
8125
-1
-1
2326
9730
-1
-1
-1
1164
-1
7136
-1
-1
1422
7239
-1
4920
-1
-1
-1
4635
2934
6468
-1
1200
-1
8309
457
233
-1
8220
-1
-1
776
-1
-1
-1
-1
-1
9817
-1
-1
7980
8298
7528
7865
6341
-1
-1
5856
-1
-1
9052
4604
-1
4801
-1
2127
-1
9723
2209
-1
3722
7974
-1
6157
-1
2344
-1
-1
976
-1
981
-1
3698
6233
9624
6187
6822
-1
9576
-1
520
-1
-1
2186
1046
-1
5371
8788
-1
2909
-1
-1
-1
-1
5654
5172
4049
-1
9350
-1
6037
-1
9232
375
-1
7462
8850
4622
7637
-1
6958
6266
-1
7229
-1
676
1556
5538
700
8833
-1
-1
-1
-1
-1
5573
-1
-1
7361
7260
1816
1957
1598
1481
-1
-1
-1
-1
1909
3735
-1
-1
3415
269
-1
8758
5716
1997
8685
8511
-1
-1
8500
3052
-1
-1
-1
523
6529
-1
-1
476
-1
-1
9967
791
5995
-1
-1
-1
-1
2815
-1
3604
6945
7681
-1
8236
-1
5689
-1
-1
104
-1
-1
9588
-1
9847
-1
3835
6566
2967
-1
-1
-1
-1
9287
2823
2370
-1
9380
6679
-1
2472
-1
-1
667
2264
-1
2424
6211
-1
4259
-1
4608
-1
7138
2318
654
-1
-1
-1
9030
-1
9257
1428
4981
1304
-1
2028
-1
2070
-1
6372
2279
-1
2380
1570
-1
852
-1
868
-1
-1
-1
8295
-1
-1
7914
-1
-1
6365
8265
5310
1982
-1
2567
-1
-1
-1
-1
-1
-1
-1
584
-1
-1
-1
8188
-1
-1
-1
4730
6247
8049
5792
-1
-1
-1
-1
-1
3978
-1
-1
4302
-1
404
2915
-1
209
-1
-1
-1
-1
1171
-1
5876
4873
2273
8094
-1
-1
-1
-1
9802
-1
-1
-1
7394
9558
-1
-1
-1
-1
-1
-1
915
-1
3725
-1
691
4528
-1
2941
-1
-1
879
-1
3132
5646
8635
3518
1723
5524
-1
9304
-1
2684
8532
-1
437
196
-1
3046
-1
3060
7495
-1
-1
-1
8557
-1
4642
2267
2832
-1
8346
9982
594
-1
4268
-1
1738
-1
1303
993
8268
-1
7806
-1
6011
5502
8425
-1
3881
6435
1655
-1
-1
-1
-1
-1
-1
-1
-1
6707
-1
4258
-1
8145
-1
6661
-1
-1
-1
8165
-1
-1
-1
-1
-1
8693
-1
-1
-1
-1
-1
3497
-1
6897
7992
6987
8350
-1
1551
4014
-1
551
1455
-1
-1
-1
3493
-1
-1
841
5461
-1
-1
3703
-1
8903
2871
6346
669
-1
7886
-1
2102
-1
-1
-1
326
2670
-1
-1
-1
-1
-1
-1
-1
2819
8075
-1
4997
6132
204
7626
-1
4831
7898
9258
4209
5848
5332
-1
-1
-1
5383
9190
-1
7292
-1
-1
-1
-1
-1
140
8338
-1
9411
-1
9759
-1
-1
-1
-1
-1
-1
-1
460
-1
-1
-1
7647
-1
1815
-1
-1
8572
-1
-1
7368
139
-1
5337
-1
-1
-1
7204
-1
-1
-1
6553
-1
-1
2340
8602
2285
8925
-1
6639
-1
6516
-1
6922
-1
2900
2059
-1
769
3837
8410
3188
9443
6103
-1
1485
-1
-1
-1
9609
3121
6930
-1
-1
-1
6754
1125
-1
7553
-1
-1
-1
4062
-1
7312
-1
-1
-1
5345
-1
46
2512
635
-1
3803
2018
-1
7363
-1
4065
1849
-1
-1
4299
-1
28
-1
1710
-1
-1
-1
3498
-1
1565
-1
885
-1
8035
1373
-1
3588
5078
-1
-1
4479
-1
8673
3272
4521
-1
8328
-1
5497
4028
3174
-1
9227
-1
8282
-1
2816
5367
2545
9419
6928
-1
5510
4261
-1
6950
-1
-1
1310
-1
119
1821
596
-1
2432
-1
-1
-1
2109
4329
6219
-1
7534
5398
-1
-1
-1
-1
317
-1
-1
8407
-1
6680
-1
4378
-1
2280
-1
-1
-1
1716
2688
-1
3624
-1
3752
-1
5233
222
-1
4421
-1
-1
9621
7230
-1
3359
1192
924
8956
6974
8566
2428
-1
-1
-1
7283
-1
-1
278
9896
5035
8285
-1
-1
-1
-1
-1
9529
-1
2566
-1
-1
1911
-1
5416
2817
88
1988
-1
-1
1372
309
980
658
-1
-1
9139
-1
-1
6560
-1
-1
8682
-1
-1
-1
-1
5018
3206
-1
-1
8969
4974
442
-1
-1
-1
-1
-1
620
-1
1787
2743
-1
6826
7954
-1
2062
146
7595
-1
410
-1
9551
4395
-1
-1
5610
7904
-1
-1
-1
9756
2697
3152
-1
8700
-1
-1
-1
-1
9314
3342
7470
5516
8448
8369
4234
-1
5993
1626
3961
3491
-1
7964
1309
3236
-1
8589
-1
5067
-1
-1
4600
8704
-1
2085
3384
-1
4214
843
-1
7953
4937
1501
403
-1
5568
-1
-1
8931
8628
-1
7341
-1
7701
7906
5672
7782
5267
8168
5722
-1
2801
-1
-1
-1
-1
-1
-1
4841
-1
4278
4384
-1
-1
1607
-1
4315
-1
1278
-1
-1
5121
38
1041
7590
-1
389
5890
-1
1441
5219
-1
7403
-1
-1
5410
-1
4661
-1
2926
-1
-1
-1
-1
7863
-1
1652
-1
-1
-1
6920
-1
-1
3882
2266
-1
-1
421
711
-1
7609
7664
5836
-1
1364
-1
-1
-1
-1
877
-1
-1
3059
-1
2899
2386
3916
8958
-1
-1
6676
5629
9808
7026
8967
-1
1378
-1
2931
4671
9702
-1
-1
3855
-1
-1
-1
1281
-1
-1
1946
3300
9189
-1
-1
8230
-1
-1
7828
-1
7327
-1
7134
-1
6404
8592
-1
6935
8742
8698
-1
4576
7569
-1
-1
1826
-1
-1
-1
4246
5428
7064
-1
-1
-1
3964
-1
-1
9404
-1
-1
6239
-1
5447
3862
5834
3883
-1
-1
-1
-1
4771
-1
6060
-1
-1
215
-1
3745
9720
4605
9029
8648
-1
9914
1741
6872
-1
-1
6005
-1
9622
-1
-1
8779
6658
-1
6057
-1
-1
9931
7994
-1
-1
-1
-1
5837
-1
6047
3248
-1
5769
2408
3616
-1
-1
-1
762
2405
-1
4722
-1
9200
-1
8269
4556
-1
-1
-1
7465
-1
-1
-1
1000
-1
2881
1769
-1
-1
-1
957
-1
9193
-1
-1
141
5128
2592
-1
823
4874
-1
-1
2027
9042
-1
-1
9246
-1
8571
6480
-1
1822
5277
-1
724
-1
4749
-1
1503
-1
-1
3331
1209
-1
-1
-1
4575
8681
-1
1636
-1
-1
-1
7749
6792
2960
-1
4928
7690
-1
-1
3341
-1
8293
643
585
3116
-1
7530
-1
-1
-1
-1
8771
3972
-1
-1
-1
6301
-1
6699
-1
145
-1
4543
1682
8290
-1
-1
7276
-1
-1
7748
-1
-1
4582
-1
-1
-1
-1
-1
-1
-1
-1
-1
7463
-1
9127
7358
-1
5298
-1
4448
9789
7881
9494
5335
6149
-1
-1
8687
-1
6854
2990
7500
3501
7306
1338
-1
5302
9384
2591
4206
-1
7752
1520
5202
4343
-1
1181
3219
-1
-1
3247
-1
-1
-1
-1
7215
-1
-1
5174
-1
-1
1395
9377
-1
6726
1443
-1
-1
-1
-1
5127
826
-1
-1
-1
4567
4520
8749
3102
-1
-1
-1
-1
-1
-1
5443
1489
3652
-1
8317
3795
5999
-1
-1
92
-1
2700
-1
-1
295
1691
-1
-1
4109
2089
2983
1875
-1
-1
4293
-1
-1
-1
2659
5381
-1
-1
-1
-1
-1
-1
-1
-1
-1
8175
6031
482
-1
4169
9574
-1
-1
-1
6374
-1
7902
829
-1
315
-1
-1
7311
1792
3636
2916
-1
2319
-1
-1
-1
5209
-1
1081
2803
922
2055
-1
-1
8029
-1
784
-1
-1
-1
8772
2745
6265
6504
2330
2613
-1
-1
-1
2106
-1
3765
8851
-1
3362
-1
5565
577
9930
5946
3707
517
1421
-1
8588
1450
1351
1674
-1
-1
-1
-1
2646
3280
9968
-1
9208
-1
586
5580
-1
-1
-1
4902
-1
8083
-1
1724
-1
6014
-1
7772
-1
1467
6694
9038
7008
-1
3595
-1
3859
-1
-1
8939
7648
6061
-1
1547
-1
-1
-1
-1
6965
-1
1029
9775
9263
8378
2477
-1
1099
-1
1942
-1
-1
699
-1
-1
-1
9824
8104
-1
6601
-1
-1
6400
7792
-1
3997
4198
-1
-1
-1
-1
3033
-1
5893
5223
1008
297
-1
8048
7357
-1
3617
322
-1
-1
-1
4023
-1
-1
-1
2363
-1
-1
-1
3340
355
5711
-1
1107
2356
-1
4955
-1
-1
-1
1204
-1
2554
-1
-1
-1
-1
4051
3187
9366
3011
4753
-1
7309
-1
4188
-1
1672
6419
5476
-1
2415
-1
246
-1
-1
4502
1762
6354
2292
-1
743
1869
-1
-1
-1
-1
-1
-1
1483
6609
1529
1214
-1
799
-1
2478
-1
-1
-1
5960
-1
-1
-1
4478
9132
5453
-1
3661
-1
806
4230
3082
5705
30
-1
8695
-1
5019
-1
-1
6317
-1
5090
5043
-1
-1
-1
9886
3584
1622
5389
-1
9024
1385
1376
8082
-1
7402
2126
8375
-1
5008
-1
-1
-1
8429
3573
3590
4495
771
-1
733
2713
7552
-1
-1
-1
-1
2844
4147
6164
8399
3689
-1
-1
5879
-1
-1
4970
-1
-1
5004
1609
-1
-1
-1
4625
5825
-1
-1
-1
-1
-1
-1
-1
-1
-1
-1
-1
7561
-1
-1
7940
7004
-1
1894
2174
6169
-1
1681
5362
8711
3408
-1
6938
6554
5241
7897
-1
-1
3783
7165
-1
-1
-1
-1
793
9636
1830
-1
-1
-1
-1
-1
-1
1861
-1
3622
1803
-1
-1
6072
-1
-1
-1
388
3912
3053
3190
-1
1037
-1
-1
-1
-1
-1
5470
4678
7857
2911
8006
-1
-1
6685
5997
4158
-1
8330
-1
-1
6495
6389
-1
8631
1279
-1
-1
3482
9662
9903
-1
9104
4011
-1
-1
956
4956
-1
-1
-1
6899
-1
4930
1905
-1
-1
2488
96
6018
4052
2497
-1
3635
2952
-1
8270
6976
4818
-1
7248
9854
6901
2080
4405
8160
9731
1493
8440
-1
5444
4591
-1
-1
-1
-1
704
5922
8459
3889
5898
3028
-1
-1
2453
-1
1175
-1
-1
-1
-1
8131
-1
-1
-1
5569
-1
-1
-1
6711
958
-1
5199
7985
-1
-1
6908
-1
5060
8454
-1
-1
-1
1799
-1
-1
-1
3282
1929
-1
-1
4431
-1
6557
5640
6183
-1
-1
8239
8008
-1
-1
-1
-1
3107
-1
3067
-1
-1
4264
7255
9222
3643
-1
-1
-1
4356
4244
9367
4390
-1
-1
-1
-1
-1
-1
-1
-1
160
-1
-1
3423
-1
-1
3015
-1
8415
-1
-1
3753
-1
-1
-1
-1
5936
-1
6954
-1
203
436
-1
6071
7936
1714
-1
1777
8183
6273
-1
2111
-1
5340
9676
-1
1621
6712
2714
-1
7258
7869
-1
-1
-1
1819
2772
1896
5916
2218
5990
-1
-1
-1
697
-1
401
3158
-1
9077
1599
-1
7720
70
7970
-1
-1
5347
4429
-1
-1
496
1201
1540
2719
8582
-1
161
-1
-1
-1
-1
-1
4682
-1
-1
9879
-1
-1
-1
730
-1
-1
-1
-1
1661
-1
-1
-1
-1
-1
-1
-1
-1
-1
-1
-1
8241
2741
7315
3721
-1
8725
7076
2759
-1
-1
-1
-1
4090
7263
8314
4510
5767
9518
2767
-1
1105
-1
-1
298
-1
5587
-1
8965
7451
-1
-1
6681
6450
1733
9520
-1
1721
7692
1315
6512
-1
-1
4166
-1
7708
-1
-1
-1
-1
5970
5029
3134
8527
3733
-1
-1
-1
5765
-1
5142
-1
7599
-1
2473
8181
-1
8819
6807
2025
6927
-1
4447
7728
6456
-1
3114
-1
-1
-1
-1
2032
-1
-1
-1
-1
9000
862
-1
-1
-1
3376
-1
-1
-1
-1
9587
4272
-1
-1
-1
-1
-1
1451
-1
-1
-1
-1
-1
-1
8608
-1
-1
-1
481
8690
-1
816
-1
-1
-1
-1
1298
-1
9313
6969
-1
7211
-1
-1
-1
2091
-1
-1
7385
6483
-1
-1
5958
2098
-1
723
624
-1
8691
-1
8535
592
7449
6082
-1
2131
-1
-1
9887
3416
9737
-1
4936
-1
4070
8813
-1
3535
-1
9177
9110
-1
-1
3796
-1
-1
-1
-1
2590
-1
5656
1317
-1
-1
9690
-1
-1
-1
6179
162
6470
-1
-1
2479
1251
-1
307
-1
142
-1
-1
-1
-1
5773
-1
3142
-1
-1
-1
-1
8857
3508
8003
5387
5474
2331
-1
9012
2969
-1
-1
-1
6539
6605
-1
-1
-1
9228
-1
-1
-1
2316
2730
6505
-1
-1
-1
8331
3957
5915
9785
-1
3734
-1
-1
3949
-1
3959
-1
68
8207
8916
7444
5050
7224
1098
-1
-1
1409
-1
8010
-1
-1
4342
-1
-1
-1
-1
2611
-1
1959
2649
-1
-1
3170
3467
-1
-1
-1
-1
-1
8390
6762
4409
6160
-1
-1
1124
7718
2144
22
6458
-1
9472
-1
6570
8146
-1
-1
-1
-1
-1
199
-1
-1
5821
8671
-1
5242
-1
8173
6813
-1
-1
6594
7116
-1
4026
2902
-1
4040
-1
6097
-1
-1
-1
9742
6197
4655
-1
-1
-1
9337
-1
-1
9673
9129
-1
-1
-1
-1
-1
6991
-1
3687
4069
-1
-1
-1
-1
-1
5979
2965
4034
-1
985
2
992
3106
2426
4514
-1
8278
-1
6474
5566
-1
-1
3917
4717
-1
8739
6196
4781
-1
-1
-1
4493
-1
-1
9204
6914
-1
-1
4885
-1
2420
-1
-1
6497
-1
-1
-1
-1
-1
2935
1071
3338
9928
-1
-1
6457
-1
3475
7646
-1
1856
-1
1199
7409
9133
8775
4468
-1
-1
5955
6083
420
-1
4829
-1
-1
7786
550
9392
-1
-1
3173
8646
-1
-1
-1
7769
1776
415
-1
-1
2312
-1
5498
-1
-1
-1
-1
3299
83
8634
-1
3963
-1
9352
4856
6697
9593
4992
7393
7252
1197
-1
-1
-1
2320
7209
-1
5230
6620
-1
-1
7517
7892
364
-1
-1
-1
-1
6117
-1
4223
7750
6452
-1
-1
9376
3787
-1
6919
-1
6171
-1
-1
9607
6894
-1
334
7217
918
3042
-1
-1
-1
5695
-1
-1
-1
6252
-1
-1
-1
117
9448
1313
-1
-1
-1
3646
2826
5805
-1
7938
7656
-1
6121
-1
-1
6272
176
-1
1500
5853
-1
1130
-1
6327
-1
5630
1544
-1
502
-1
-1
-1
-1
-1
5007
-1
25
-1
-1
43
2511
7851
-1
-1
-1
660
-1
-1
-1
2642
-1
-1
3489
-1
-1
5116
7512
6279
-1
9683
-1
7836
-1
-1
-1
710
3800
1517
-1
-1
2204
4490
-1
2171
-1
-1
4167
-1
-1
-1
-1
-1
-1
6170
105
1552
3006
-1
4263
-1
-1
5724
-1
6007
-1
6392
-1
563
-1
-1
-1
-1
4291
-1
-1
9497
-1
5294
4037
-1
8894
1247
2403
2454
-1
-1
9444
6953
191
3068
-1
2054
1961
-1
-1
6608
5963
-1
-1
-1
-1
379
-1
4129
1649
-1
-1
-1
-1
-1
-1
2165
-1
-1
-1
-1
-1
9668
-1
4681
606
-1
-1
4341
8606
1546
-1
-1
-1
-1
8170
7990
-1
-1
5253
-1
-1
-1
4
-1
-1
7091
-1
-1
8162
991
-1
-1
3834
-1
3208
3041
-1
-1
4063
2947
-1
-1
8786
7376
4298
2509
7439
-1
-1
-1
-1
2392
1044
2436
6104
-1
-1
-1
9219
8715
3655
-1
7200
5195
8482
5567
-1
-1
-1
-1
-1
3050
5117
1666
8605
555
9677
-1
-1
-1
-1
1648
-1
-1
-1
-1
-1
-1
-1
9739
-1
591
-1
-1
-1
-1
7879
6567
5382
-1
3367
4579
-1
-1
-1
9704
5533
-1
-1
4361
-1
-1
1060
9746
4654
-1
637
7831
6959
-1
-1
-1
-1
3548
254
3427
9807
-1
2047
8041
-1
1248
6518
1057
-1
-1
729
8037
5785
-1
-1
8778
-1
-1
7246
8768
4002
2181
5341
6347
2184
3285
3054
-1
-1
-1
-1
-1
-1
-1
8869
-1
-1
6467
4934
7083
9423
-1
5212
9604
-1
-1
-1
6010
3095
3202
-1
4924
1878
-1
-1
-1
-1
-1
2277
1653
895
-1
-1
-1
-1
-1
-1
9606
9692
6305
-1
4743
-1
-1
-1
-1
744
6254
-1
-1
9192
576
9563
-1
6184
-1
1394
9904
-1
8892
-1
8424
-1
-1
4257
-1
6825
7636
-1
271
-1
-1
-1
1726
7098
-1
301
-1
-1
-1
1573
-1
2247
9273
-1
9579
-1
8632
-1
-1
-1
-1
-1
5762
9913
-1
2768
4935
-1
-1
-1
-1
5281
9198
3750
1976
8233
-1
801
2850
4001
-1
-1
-1
9072
-1
4764
-1
-1
-1
6615
6818
-1
3093
8764
